$ANSIBLE_VAULT;1.1;AES256
64343362366539353533323665306430343166376334366231366338396334343965616164396638
6135373336663766363137623963623032386636326565330a613730336136323531316331353764
64343632386266666339343466626231633132366564383734343932313962313561663331373331
3732643936666531390a616336646230346461383138633965303830613336373562616633333930
30313534356362373634353761326431373233353132326639376236613839346533343161373564
62346563343235663862393530336635396436363464366462303538623533656132646261303766
37626433366465356334636162623534626331323334666566633964303733626635666665383365
63333139616335616439373533326461373238613931336264373032316538383139333166353961
64613761613434303535366664393734376632316231306630653233353564623230633134643935
32303661356363313837326436343231396562303836333636636231386139393231643965323662
32346238663265323034396565393336613563396431633031323534326165383462313764653831
63383234666536396564313330386465323566303962376661643834646233663630346536643639
61343561316334356162653564666131386436393635626466336136306465323132383435633034
30633561326534306536373131333064303332333962663431646363633534373136623862653438
30356436633832343630393936313333626462616363383961346538643835636361373232343931
36626361336330636131656164343861643135656363313464343663313666346461623566393263
35373665383036363266336564326165313032666339656238613233376166613264653637323162
64373062323463303461613038373366326361393731333532636138373161626632663632386234
32316432363463666566366630653961383361356130643634366531393365393234346638626136
35643638383332346165333730643839636337366432313761336233386236613532343238386430
30323131366366306139666462346135393032666433366562373661303566323364323335386530
39333736376431363536386534663539626531663264646531613337376531633931656136316635
62356562656430353962386533346462353130653232613637303635353138376238396563346139
34313639396563643735666136653936363966323662633831373431653937323232323162393461
64386632363561363138656435633436323431626337303362623630393539346637613836306131
61356239633162303163323139326662333536643935383566353638643762313534643531663133
34376537656333303766643832386536303261663735383962373862326436343234313966643031
37323364616365343262326165613039343866323863383836646465653064656430323566323330
31656666626537313662333037623465656561653136373535383639303761663064633138316533
33646336663263316263396337313463643137623066343533303535633231353333353666373237
30333138343961643336643237376164366631353962373034643064383437616236666634626536
65303437313363383162363836643935333366326131666466653136653030383938396263303335
62643365633437393533633532633066373630333665363834353465623535303332623935343363
36343733363836336336383632373335316463653439653630313538383765623539396633336531
61613762616436643963333063653738633366366162396533316331376138653239366264663735
37363935623630323466623164363435376130313466643531633565613566666366363833623532
65303764393666613235343165623661656163366232356537656238343235663333
